#           x                      y             
0.000000000000000000e+00 1.000000000000000000e+00
5.000000000000000000e+00 1.100000000000000000e+01
1.000000000000000000e+01 2.100000000000000000e+01
1.500000000000000000e+01 3.100000000000000000e+01
2.000000000000000000e+01 4.100000000000000000e+01
2.500000000000000000e+01 5.100000000000000000e+01
3.000000000000000000e+01 6.100000000000000000e+01
3.500000000000000000e+01 7.100000000000000000e+01
4.000000000000000000e+01 8.100000000000000000e+01
4.500000000000000000e+01 9.100000000000000000e+01
5.000000000000000000e+01 1.010000000000000000e+02
5.500000000000000000e+01 1.110000000000000000e+02
6.000000000000000000e+01 1.210000000000000000e+02
6.500000000000000000e+01 1.310000000000000000e+02
7.000000000000000000e+01 1.410000000000000000e+02
7.500000000000000000e+01 1.510000000000000000e+02
8.000000000000000000e+01 1.610000000000000000e+02
8.500000000000000000e+01 1.710000000000000000e+02
9.000000000000000000e+01 1.810000000000000000e+02
9.500000000000000000e+01 1.910000000000000000e+02
1.000000000000000000e+02 2.010000000000000000e+02
